tahun,provinsi,kabupaten_kota,sisa_makanan,kayu_ranting,kertas_karton,plastik,logam,kain,karet_kulit,kaca,lainnya,tpa,dibakar,dibuang_sungai,jumlah_desa,pct_tpa,pct_dibakar,pct_dibuang_sungai
2021,Jawa Tengah,Kab. Cilacap,57.67,10.63,9.71,16.42,1.33,1.25,0.51,0.65,1.83,32.0,248.0,4.0,29.0,110.34482758620689,855.1724137931034,13.793103448275861
2021,Jawa Tengah,Kab. Banyumas,36.0,6.0,6.0,30.0,9.0,5.0,3.0,5.0,8.031818181818183,102.0,228.0,1.0,109.0,93.57798165137615,209.1743119266055,0.9174311926605505
2021,Jawa Tengah,Kab. Purbalingga,60.51,2.2,8.91,18.35,0.71,2.34,5.18,0.88,0.92,40.0,199.0,0.0,45.0,88.88888888888889,442.22222222222223,0.0
2021,Jawa Tengah,Kab. Purworejo,3.0,67.0,6.0,9.0,4.0,0.5,0.3,1.0,8.2,12.0,463.0,1.0,27.0,44.44444444444444,1714.8148148148148,3.7037037037037033
2021,Jawa Tengah,Kab. Wonosobo,37.02695652173913,14.974545454545455,11.80695652173913,20.207826086956523,2.5330434782608693,2.6691304347826086,1.4743478260869565,2.333636363636364,8.031818181818183,120.0,125.0,14.0,110.0,109.09090909090908,113.63636363636364,12.727272727272727
2021,Jawa Tengah,Kab. Magelang,37.8,3.9,26.2,17.9,1.3,1.1,0.8,2.4,8.6,81.0,269.0,13.0,81.0,100.0,332.0987654320988,16.049382716049383
2021,Jawa Tengah,Kab. Boyolali,37.02695652173913,14.974545454545455,11.80695652173913,20.207826086956523,2.5330434782608693,2.6691304347826086,1.4743478260869565,2.333636363636364,8.031818181818183,23.0,238.0,5.0,47.0,48.93617021276596,506.3829787234043,10.638297872340425
2021,Jawa Tengah,Kab. Klaten,67.42,3.82,10.46,15.05,0.1,0.42,0.08,0.65,2.0,95.0,303.0,2.0,161.0,59.006211180124225,188.19875776397515,1.2422360248447204
2021,Jawa Tengah,Kab. Sukoharjo,62.4,1.88,8.01,15.93,1.68,1.98,1.82,1.27,5.03,66.0,101.0,0.0,51.0,129.41176470588235,198.03921568627453,0.0
2021,Jawa Tengah,Kab. Wonogiri,25.0,10.0,20.0,25.0,5.0,5.0,2.5,5.0,2.5,10.0,284.0,0.0,48.0,20.833333333333336,591.6666666666667,0.0
2021,Jawa Tengah,Kab. Karanganyar,63.0,2.0,5.0,20.0,1.0,2.0,2.0,3.0,2.0,48.0,129.0,0.0,52.0,92.3076923076923,248.0769230769231,0.0
2021,Jawa Tengah,Kab. Sragen,74.7,0.8,8.4,11.3,0.5,1.9,0.3,1.8,0.3,14.0,194.0,0.0,33.0,42.42424242424242,587.8787878787879,0.0
2021,Jawa Tengah,Kab. Blora,20.0,5.0,18.0,40.0,10.0,2.0,2.0,2.5,0.5,13.0,279.0,3.0,28.0,46.42857142857143,996.4285714285713,10.714285714285714
2021,Jawa Tengah,Kab. Rembang,38.12,1.59,13.38,34.45,0.93,1.88,0.77,1.33,7.55,48.0,243.0,3.0,79.0,60.75949367088608,307.59493670886076,3.79746835443038
2021,Jawa Tengah,Kab. Pati,37.02695652173913,14.974545454545455,11.80695652173913,20.207826086956523,2.5330434782608693,2.6691304347826086,1.4743478260869565,2.333636363636364,8.031818181818183,68.0,338.0,0.0,64.0,106.25,528.125,0.0
2021,Jawa Tengah,Kab. Jepara,32.24,22.75,10.86,21.7,0.78,2.12,0.53,1.68,7.34,47.0,148.0,0.0,61.0,77.04918032786885,242.62295081967213,0.0
2021,Jawa Tengah,Kab. Demak,32.3,20.76,9.06,23.07,0.6,1.77,0.44,1.23,10.77,91.0,158.0,0.0,90.0,101.11111111111111,175.55555555555554,0.0
2021,Jawa Tengah,Kab. Semarang,3.0,9.0,23.0,30.0,4.0,4.0,2.0,5.0,20.0,78.0,157.0,0.0,100.0,78.0,157.0,0.0
2021,Jawa Tengah,Kab. Temanggung,37.97,22.81,11.09,14.91,2.31,2.39,1.18,2.46,4.88,139.0,120.0,15.0,132.0,105.3030303030303,90.9090909090909,11.363636363636363
2021,Jawa Tengah,Kab. Batang,28.0,13.0,13.0,16.0,7.0,6.0,3.0,6.0,8.0,48.0,198.0,0.0,66.0,72.72727272727273,300.0,0.0
2021,Jawa Tengah,Kab. Pekalongan,2.0,6.0,7.0,9.0,1.0,3.0,1.0,2.333636363636364,71.0,69.0,194.0,14.0,68.0,101.47058823529412,285.29411764705884,20.588235294117645
2021,Jawa Tengah,Kab. Pemalang,37.02695652173913,14.974545454545455,11.80695652173913,20.207826086956523,2.5330434782608693,2.6691304347826086,1.4743478260869565,2.333636363636364,8.031818181818183,84.0,129.0,8.0,85.0,98.82352941176471,151.76470588235293,9.411764705882353
2021,Jawa Tengah,Kab. Tegal,20.0,16.0,18.0,33.0,3.0,2.0,2.0,1.0,5.0,166.0,115.0,6.0,138.0,120.28985507246377,83.33333333333334,4.3478260869565215
2021,Jawa Tengah,Kab. Brebes,2.0,80.0,2.0,11.0,1.0,1.0,1.0,1.0,1.0,134.0,135.0,27.0,105.0,127.6190476190476,128.57142857142858,25.71428571428571
2021,Jawa Tengah,Kota Magelang,33.7,13.3,18.8,21.5,0.8,1.8,0.5,3.7,5.9,81.0,269.0,13.0,81.0,100.0,332.0987654320988,16.049382716049383
2021,Jawa Tengah,Kota Semarang,60.79,14.974545454545455,10.18,17.2,1.22,4.94,1.0,1.79,2.88,78.0,157.0,0.0,100.0,78.0,157.0,0.0
2021,Jawa Tengah,Kota Tegal,54.0,11.0,8.5,14.0,1.0,7.0,2.0,2.0,0.5,166.0,115.0,6.0,138.0,120.28985507246377,83.33333333333334,4.3478260869565215
